Nodes
0 1
1 1
2 0
3 1
4 0
5 1
6 3
7 -1
8 2
9 1
10 0
11 2
12 2
13 1
14 0
15 -1
16 2
17 1
18 0
19 3
20 0
21 2
22 1
23 1
24 3
25 1
26 2
27 2
28 0
29 0
30 2
31 1
32 1
33 1
34 1
35 1
36 2
37 2
38 0
39 0
40 3
41 1
42 0
43 0
44 -1
45 0
46 1
47 -1
48 0
49 -1
50 -1
51 0
52 1
53 1
54 0
55 1
56 0
57 2
58 0
59 3
60 0
61 1
62 0
63 1
64 3
65 0
66 3
67 -1
68 0
69 3
70 -1
71 0
72 -1
73 3
74 -1
75 3
76 1
77 3
78 -1
79 0
80 -1
81 0
82 0
83 0
84 0
85 0
86 1
87 1
88 0
89 0
90 0
91 1
92 1
93 0
94 3
95 3
96 -1
97 1
98 0
99 0
100 0
101 0
102 0
103 2
104 3
105 2
106 3
107 1
108 3
109 1
110 1
111 1
112 5
113 1
114 3
115 1
116 3
117 0
118 1
119 0
120 1
121 3
122 2
123 -1
124 1
125 2
126 1
127 0
128 1
129 0
130 -1
131 1
132 0
133 -1
134 1
135 0
136 0
137 0
138 1
139 1
140 1
141 2
142 2
143 1
144 0
145 3
146 1
147 1
148 1
149 0
150 -1
151 1
152 -1
153 0
154 0
155 0
156 -1
157 3
158 2
159 -1
160 3
161 -1
162 1
163 1
164 3
165 0
166 3
167 0
168 2
169 3
170 0
171 -1
172 3
173 1
174 0
175 1
176 3
177 1
178 1
179 0
180 1
181 0
182 1
183 1
184 -1
185 2
186 1
187 1
188 1
189 -1
190 3
191 1
192 -1
193 1
194 1
195 1
196 1
197 1
198 2
199 0
200 0
201 1
202 1
203 1
204 0
205 0
206 -1
207 1
208 -1
209 -1
210 1
211 3
212 1
213 1
214 -1
215 0
216 -1
217 0
218 0
219 1
220 1
221 2
222 0
223 0
224 1
225 3
226 3
227 -1
228 3
229 0
230 1
231 0
232 1
233 1
234 1
235 1
236 1
237 1
238 0
239 1
240 1
241 1
242 0
243 1
244 2
245 2
246 0
247 1
248 0
249 -1
250 1
251 0
252 3
253 0
254 1
255 1
256 -1
257 1
258 -1
259 1
260 1
261 0
262 0
263 1
264 3
265 0
266 0
267 0
268 1
269 3
270 1
271 0
272 -1
273 1
274 -1
275 0
276 -1
277 0
278 -1
279 0
280 1
281 0
282 1
283 0
284 1
285 3
286 0
287 3
288 1
289 1
290 1
291 -1
292 1
293 3
294 -1
295 1
296 1
297 -1
298 -1
299 1
300 1
301 -1
302 1
303 -1
304 1
305 1
306 -1
307 0
308 1
309 -1
310 0
311 0
312 -1
313 -1
314 1
315 -1
316 1
317 -1
318 0
319 -1
320 1
321 0
322 0
323 0
324 -1
325 1
326 -1
327 0
328 -1
329 -1
330 1
331 -1
332 0
333 0
334 -1
335 -1
336 -1
337 -1
338 0
339 -1
340 0
341 -1
342 0
343 -1
344 1
345 0
346 0
347 0
348 0
349 0
350 -1
351 0
352 -1
353 0
354 0
355 0
356 0
357 -1
358 1
359 0
360 -1
361 -1
362 -1
363 -1
364 -1
365 -1
366 -1
367 -1
368 5
369 5
370 0
371 5
372 0
373 -1
374 0
375 1
376 0
377 0
378 0
379 0
380 -1
381 0
382 0
383 0
384 0
385 0
386 0
387 0
388 0
389 0
390 0
391 0
392 0
393 0
394 0
395 -1
396 0
397 -1
398 -1
399 -1
400 -1
401 -1
402 -1
403 -1
404 -1
405 -1
406 -1
407 -1
408 -1
409 -1
410 -1
411 -1
412 -1
413 -1
414 -1
415 0
416 -1
417 -1
418 -1
419 -1
420 -1
421 -1
422 -1
423 -1
424 -1
425 -1
426 1
427 0
428 1
429 1
430 0
431 1
432 1
433 1
434 2
435 3
436 0
437 1
438 1
439 0
440 0
441 2
442 -1
443 1
444 1
445 0
446 1
447 1
448 1
449 2
450 -1
451 2
452 1
453 0
454 0
455 1
456 1
457 1
458 0
459 0
460 1
461 1
462 0
463 -1
464 -1
465 1
466 1
467 0
468 -1
469 -1
470 3
471 1
472 0
473 1
474 1
475 0
476 -1
477 -1
478 0
479 0
480 -1
481 1
482 -1
483 -1
484 1
485 -1
486 -1
487 0
488 0
489 -1
490 -1
491 1
492 0
493 -1
494 -1
495 -1
496 0
497 0
498 -1
499 -1
500 -1
501 -1
502 0
503 0
504 1
505 -1
506 3
507 -1
508 -1
509 -1
510 -1
511 1
512 0
513 0
514 3
515 1
516 1
517 0
518 -1
519 1
520 -1
521 0
522 0
523 0
524 -1
525 0
526 -1
527 -1
528 -1
529 -1
530 2
531 -1
532 -1
533 1
534 -1
535 -1
536 -1
537 -1
538 -1
539 -1
540 0
541 0
542 3
543 1
544 -1
545 -1
546 2
547 1
548 3
549 1
550 1
551 0
552 1
553 0
554 0
555 3
556 2
557 1
558 -1
559 0
560 3
561 -1
562 3
563 1
564 2
565 0
566 3
567 1
568 -1
569 0
570 3
571 3
572 1
573 0
574 1
575 1
576 2
577 1
578 2
579 -1
580 0
581 -1
582 3
583 2
584 -1
585 1
586 1
587 2
588 -1
589 1
590 -1
591 3
592 -1
593 1
594 1
595 -1
596 2
597 1
598 0
599 0
600 0
601 2
602 1
603 0
604 2
605 1
606 1
607 -1
608 1
609 1
610 2
611 0
612 2
613 5
614 1
615 1
616 1
617 2
618 0
619 0
620 1
621 0
622 -1
623 0
624 2
625 1
626 2
627 1
628 0
629 2
630 0
631 1
632 1
633 2
634 -1
635 1
636 0
637 -1
638 0
639 1
640 5
641 1
642 1
643 2
644 1
645 1
646 1
647 1
648 1
649 1
650 0
651 -1
652 3
653 0
654 2
655 1
656 -1
657 1
658 1
659 1
660 1
661 1
662 1
663 0
664 1
665 0
666 0
667 1
668 1
669 1
670 1
671 2
672 -1
673 3
674 -1
675 3
676 0
677 1
678 1
679 0
680 1
681 1
682 1
683 1
684 1
685 1
686 3
687 1
688 2
689 1
690 1
691 -1
692 1
693 3
694 1
695 0
696 0
697 1
698 0
699 1
700 0
701 1
702 1
703 1
704 1
705 3
706 0
707 -1
708 0
709 1
710 0
711 3
712 1
713 1
714 1
715 -1
716 1
717 1
718 1
719 0
720 2
721 1
722 1
723 1
724 2
725 1
726 1
727 1
728 0
729 -1
730 -1
731 1
732 2
733 1
734 1
735 2
736 -1
737 1
738 0
739 -1
740 1
741 1
742 1
743 1
744 -1
745 -1
746 5
747 3
748 5
749 -1
750 1
751 -1
752 1
753 1
754 -1
755 3
756 0
757 -1
758 1
759 1
760 3
761 -1
762 1
763 0
764 2
765 -1
766 1
767 3
768 3
769 2
770 3
771 5
772 0
773 3
774 3
775 -1
776 0
777 0
778 1
779 1
780 1
781 0
782 1
783 -1
784 0
785 3
786 1
787 0
788 -1
789 2
790 2
791 1
792 0
793 1
794 3
795 2
796 5
797 3
798 2
799 1
800 1
801 1
802 -1
803 0
804 3
805 3
806 1
807 1
808 0
809 0
810 1
811 0
812 1
813 1
814 0
815 1
816 2
817 1
818 2
819 1
820 -1
821 2
822 1
823 1
824 1
825 1
826 1
827 -1
828 1
829 1
830 1
831 1
832 1
833 -1
Edges
0 12
1 816
1 12
3 4
4 3
6 759
6 11
9 16
10 1
10 816
11 6
11 759
12 1
16 543
16 9
16 797
16 434
16 801
17 800
21 592
22 40
25 23
27 235
27 236
27 237
27 240
27 242
30 539
32 99
34 259
34 268
35 469
35 230
35 507
35 516
35 782
35 786
37 34
37 259
37 270
37 268
40 22
43 47
43 49
43 50
43 152
47 43
47 150
47 151
50 43
50 152
52 583
52 239
52 246
52 778
54 100
55 62
55 58
55 81
56 87
57 556
57 86
58 62
58 55
58 81
63 94
63 102
64 92
64 98
65 66
65 88
66 97
66 104
66 110
68 105
69 71
69 107
70 106
71 69
71 107
76 562
76 95
76 177
77 556
77 89
77 97
77 102
80 557
82 91
86 556
86 57
86 77
86 89
86 97
86 102
87 56
88 65
89 556
89 557
89 77
89 564
89 97
89 102
89 109
90 90
91 82
92 64
92 98
95 76
95 562
95 96
96 95
97 66
97 556
97 77
97 89
97 102
97 104
97 110
98 64
98 92
100 54
102 556
102 63
102 77
102 89
102 97
104 66
104 97
104 110
105 68
105 106
105 107
105 108
106 70
106 105
107 69
107 71
107 105
107 106
107 108
108 566
108 105
108 106
108 107
109 557
109 89
109 564
110 66
110 97
110 104
112 270
113 114
114 113
115 556
115 77
115 89
115 97
115 102
121 122
122 310
122 121
128 581
132 582
132 686
132 209
132 599
132 750
132 222
132 795
133 505
133 520
141 215
141 743
141 464
141 223
143 587
145 659
150 47
150 151
151 150
151 47
152 43
152 50
157 705
157 601
158 433
163 461
165 170
165 440
168 799
170 165
172 711
172 760
172 771
172 774
177 76
177 723
177 725
177 740
177 761
179 440
185 714
187 476
187 494
187 497
187 498
189 663
189 319
189 538
190 628
190 30
190 196
190 795
195 305
195 306
195 307
197 470
197 482
197 481
198 322
200 212
201 201
203 232
204 446
204 285
204 461
204 687
204 211
204 702
204 462
204 492
204 463
204 317
209 795
211 641
211 686
212 200
213 686
215 141
215 743
215 464
215 223
220 686
222 582
222 132
222 686
222 209
222 599
222 750
222 795
223 141
223 215
223 743
223 464
223 234
226 686
226 211
226 226
227 686
227 211
230 469
230 35
230 296
230 507
230 516
230 782
230 786
232 203
234 695
234 782
234 781
234 795
235 236
235 237
235 240
235 242
235 27
236 235
236 237
236 240
236 242
236 27
237 235
237 236
237 240
237 242
237 27
239 583
239 52
239 246
239 778
240 235
240 236
240 237
240 242
240 27
241 244
241 16
242 235
242 236
242 237
242 240
242 27
245 704
245 244
245 297
246 583
246 239
246 52
246 778
247 635
247 785
252 615
253 301
253 624
259 34
259 268
261 34
261 259
261 268
263 265
268 34
268 259
269 269
269 125
269 576
269 577
269 270
270 269
270 576
270 37
270 112
274 426
279 14
285 636
285 204
285 461
285 211
285 702
285 462
285 492
285 463
285 750
285 795
285 317
285 291
285 326
287 652
287 774
288 759
290 644
291 285
293 112
296 230
297 245
299 617
300 446
300 448
300 450
300 451
301 687
304 429
305 35
305 306
305 307
305 195
305 516
306 305
306 307
306 195
307 305
307 306
307 195
310 122
316 319
317 285
317 795
319 663
319 189
319 538
321 489
321 522
322 196
322 764
322 198
326 636
326 285
326 750
326 795
326 317
328 333
333 328
336 340
340 336
347 353
350 357
353 347
356 359
359 356
361 412
361 417
361 425
365 30
366 112
366 366
366 367
366 270
367 112
367 366
367 367
367 270
368 368
377 403
378 414
378 416
380 381
380 401
380 411
381 380
381 401
381 411
382 389
382 419
382 420
383 409
384 385
384 397
384 402
384 408
385 384
386 390
387 406
387 415
388 398
389 395
390 386
391 413
395 389
397 384
397 402
397 408
398 388
399 400
399 405
399 422
399 424
400 399
400 405
400 422
400 424
401 380
401 381
401 411
402 384
402 397
402 408
403 377
405 399
405 400
405 422
405 424
406 524
406 387
406 415
406 421
408 384
408 397
408 402
409 383
411 380
411 381
411 401
412 417
412 425
413 391
414 378
414 416
415 524
415 387
415 406
415 421
416 378
416 414
417 412
417 425
419 382
419 389
419 420
420 382
420 389
420 419
421 524
421 406
421 415
422 399
422 400
422 405
422 424
424 399
424 400
424 405
424 422
425 412
425 417
426 274
433 158
434 16
440 179
440 165
441 25
446 449
446 446
446 300
446 448
446 450
447 449
447 446
448 446
448 300
448 448
449 446
449 300
449 447
450 446
450 300
450 448
451 300
453 582
453 132
453 686
453 209
453 462
453 599
453 222
456 693
457 461
457 462
457 506
457 519
460 646
460 689
460 724
461 457
461 285
461 204
461 163
461 211
461 462
461 492
461 506
462 453
462 582
462 457
462 461
462 132
462 686
462 209
462 599
462 506
462 222
462 530
463 285
463 204
463 461
463 211
463 702
465 713
465 768
466 710
469 500
469 35
469 230
469 501
469 506
469 507
469 769
469 516
469 782
469 786
470 482
470 481
470 197
472 512
473 473
473 457
473 519
473 797
476 187
476 494
476 497
476 498
476 504
476 511
476 483
476 795
479 480
480 479
481 470
481 482
481 197
482 470
482 481
482 197
483 476
483 498
483 511
486 193
486 795
488 492
488 539
489 321
489 522
492 285
492 204
492 461
492 488
492 211
492 462
492 539
494 187
494 476
494 497
494 498
494 504
494 511
494 795
496 500
496 501
497 187
497 476
497 494
497 498
497 504
497 511
497 795
498 187
498 476
498 494
498 497
498 504
498 511
498 483
498 795
499 469
499 641
499 500
499 489
499 321
499 501
499 506
499 507
499 769
499 522
500 469
500 641
500 501
500 506
500 507
500 769
501 469
501 641
501 500
501 506
501 507
501 769
502 506
503 510
504 476
504 494
504 497
504 498
504 511
504 795
505 520
506 469
506 641
506 500
506 501
506 507
506 769
507 469
507 500
507 35
507 230
507 501
507 506
507 769
507 516
507 782
507 786
508 503
508 509
509 503
509 508
510 503
511 476
511 494
511 497
511 498
511 504
511 483
511 795
512 472
513 489
513 321
513 522
514 232
514 519
516 469
516 35
516 230
516 507
516 782
516 786
520 505
522 489
522 321
524 406
524 415
524 421
530 462
530 518
530 519
534 519
534 533
534 534
534 536
538 663
538 319
538 189
539 488
539 492
540 475
543 797
543 16
543 801
548 693
556 57
556 77
556 86
556 89
556 97
556 102
557 80
557 89
557 564
557 109
559 72
561 556
561 77
561 89
561 97
561 102
562 76
562 95
563 566
564 557
564 89
564 109
566 563
566 108
567 567
576 269
576 270
577 269
577 125
577 576
577 270
581 128
582 132
582 686
582 209
582 693
582 599
582 222
582 624
583 239
583 52
583 246
583 778
586 778
587 203
587 732
589 776
591 686
591 234
591 786
592 647
592 21
592 765
593 693
599 582
599 132
599 686
599 209
599 222
599 624
601 141
601 705
612 148
613 591
614 730
617 587
617 726
617 732
619 120
621 758
624 253
624 301
628 190
628 795
631 654
636 285
636 750
636 795
636 317
636 326
641 469
641 500
641 211
641 501
641 506
641 507
641 769
644 290
646 460
646 689
652 287
653 665
653 699
653 724
654 654
654 789
659 145
660 697
663 319
663 189
663 316
663 538
665 653
665 699
665 724
666 272
667 710
667 746
667 748
667 756
667 787
673 720
678 783
686 211
688 796
689 646
689 460
689 709
699 653
699 665
699 724
702 285
702 204
702 461
702 211
702 463
705 601
709 689
710 587
710 667
710 746
710 748
710 756
710 787
711 760
711 771
711 774
713 465
713 768
714 185
716 738
716 775
720 673
720 755
720 773
723 725
723 740
723 761
723 177
724 653
724 665
724 460
724 699
725 723
725 740
725 755
725 761
725 177
725 797
730 593
730 614
736 736
737 757
738 716
738 775
743 141
743 215
743 464
743 223
746 667
746 710
746 748
746 756
746 787
748 667
748 203
748 710
748 746
748 756
748 787
750 795
755 148
755 725
755 797
756 587
756 667
756 710
756 746
756 748
756 787
760 673
760 711
760 771
760 774
761 723
761 725
761 740
761 761
761 177
765 647
766 754
767 803
768 713
768 465
768 781
769 469
769 35
769 230
769 507
769 516
769 782
769 786
769 199
771 711
771 760
771 774
774 652
774 287
774 711
774 760
774 771
775 716
775 738
776 589
778 583
778 237
778 586
778 239
778 52
778 702
778 246
780 759
781 695
781 768
781 234
781 539
782 469
782 35
782 230
782 507
782 516
782 234
782 786
783 678
785 635
785 705
785 247
786 469
786 35
786 230
786 232
786 507
786 516
786 782
787 667
787 710
787 746
787 748
787 756
789 654
792 792
795 636
795 285
795 209
795 750
795 234
795 317
795 326
796 688
797 473
797 457
797 543
797 725
797 755
797 759
797 16
797 801
799 168
800 17
801 586
801 543
801 797
801 16
801 790
811 812
812 811
813 6
813 11
816 1
819 823
819 825
819 829
819 832
819 822
821 823
821 825
821 826
821 828
821 829
821 832
821 833
821 822
821 831
822 823
822 825
822 826
822 819
822 828
822 829
822 821
822 832
822 833
822 831
823 825
823 826
823 828
823 829
823 821
823 832
823 833
823 822
823 831
825 823
825 826
825 828
825 829
825 821
825 832
825 833
825 822
825 831
826 823
826 825
826 828
826 829
826 821
826 832
826 833
826 822
826 831
827 823
827 825
827 826
827 819
827 828
827 829
827 821
827 832
827 833
827 831
828 823
828 825
828 826
828 829
828 821
828 832
828 833
828 822
828 831
829 823
829 825
829 826
829 827
829 828
829 821
829 832
829 833
829 822
829 831
830 270
831 823
831 825
831 826
831 828
831 829
831 821
831 832
831 833
831 822
832 823
832 825
832 826
832 828
832 829
832 821
832 833
832 822
832 831
833 821
833 832
