Nodes
0 1
1 2
2 0
3 0
4 1
5 1
6 1
7 2
8 1
9 2
10 1
11 2
12 0
13 2
14 1
15 2
16 3
17 1
18 1
19 2
20 -1
21 2
22 2
23 -1
24 2
25 2
26 1
27 5
28 1
29 0
30 1
31 1
32 1
33 1
34 0
35 0
36 2
37 1
38 1
39 2
40 1
41 1
42 2
43 1
44 1
45 3
46 2
47 1
48 3
49 0
50 1
51 3
52 1
53 1
54 1
55 3
56 1
57 1
58 1
59 2
60 3
61 1
62 3
63 1
64 2
65 1
66 2
67 1
68 1
69 2
70 1
71 2
72 1
73 1
74 1
75 1
76 1
77 1
78 0
79 3
80 0
81 3
82 0
83 5
84 2
85 6
86 1
87 1
88 0
89 1
90 2
91 0
92 -1
93 3
94 2
95 1
96 3
97 1
98 1
99 3
100 0
101 1
102 3
103 5
104 1
105 3
106 1
107 1
108 1
109 1
110 2
111 2
112 -1
113 1
114 2
115 2
116 1
117 6
118 1
119 1
120 0
121 0
122 0
123 1
124 0
125 -1
126 -1
127 2
128 2
129 1
130 3
131 0
132 0
133 1
134 3
135 1
136 0
137 0
138 1
139 1
140 1
141 0
142 1
143 0
144 0
145 1
146 0
147 1
148 0
149 -1
150 0
151 0
152 -1
153 0
154 2
155 0
Edges
0 25
0 90
0 5
0 111
1 30
1 99
1 57
1 54
1 87
1 96
1 34
1 8
1 41
1 102
1 78
1 7
1 106
1 116
1 115
1 37
1 45
1 25
1 104
1 33
1 0
1 80
1 46
1 38
1 59
1 93
1 68
1 113
1 31
1 50
1 62
1 9
1 91
1 60
1 61
1 118
1 10
1 55
1 51
1 6
1 13
1 90
1 65
1 39
1 36
1 64
1 72
1 107
1 85
1 14
1 58
1 101
1 47
1 19
1 92
1 117
1 66
1 74
1 71
1 22
1 5
1 21
1 109
1 24
1 3
1 84
1 86
1 83
1 56
1 103
1 70
1 28
1 48
1 81
1 89
1 111
1 44
1 79
1 76
1 18
2 104
3 111
4 45
4 89
5 30
5 99
5 57
5 54
5 87
5 96
5 34
5 8
5 41
5 102
5 78
5 7
5 106
5 116
5 115
5 37
5 45
5 25
5 104
5 33
5 0
5 80
5 46
5 38
5 59
5 93
5 68
5 113
5 31
5 50
5 62
5 9
5 110
5 91
5 60
5 61
5 118
5 10
5 55
5 51
5 6
5 13
5 90
5 65
5 1
5 39
5 36
5 64
5 72
5 107
5 85
5 14
5 58
5 101
5 47
5 19
5 92
5 117
5 66
5 74
5 71
5 69
5 22
5 21
5 109
5 24
5 3
5 84
5 86
5 83
5 56
5 103
5 70
5 28
5 48
5 81
5 89
5 111
5 44
5 79
5 76
5 18
6 30
6 45
7 30
7 99
7 57
7 54
7 87
7 96
7 34
7 8
7 41
7 102
7 78
7 106
7 116
7 115
7 37
7 45
7 25
7 104
7 33
7 0
7 80
7 46
7 38
7 59
7 93
7 68
7 113
7 31
7 50
7 62
7 9
7 91
7 60
7 61
7 118
7 10
7 55
7 51
7 6
7 13
7 90
7 65
7 1
7 39
7 36
7 64
7 72
7 107
7 85
7 14
7 58
7 101
7 47
7 19
7 92
7 117
7 66
7 74
7 71
7 22
7 5
7 21
7 109
7 24
7 3
7 84
7 86
7 83
7 56
7 103
7 70
7 28
7 48
7 81
7 89
7 111
7 44
7 79
7 76
7 18
8 54
8 102
8 24
9 102
9 45
9 60
9 51
9 64
9 69
9 130
9 24
9 16
9 89
10 30
10 99
10 45
10 46
10 43
11 60
11 51
12 41
13 30
13 99
13 57
13 54
13 87
13 96
13 34
13 8
13 41
13 102
13 78
13 7
13 106
13 116
13 115
13 37
13 45
13 25
13 104
13 33
13 0
13 80
13 46
13 38
13 59
13 93
13 68
13 113
13 31
13 50
13 62
13 9
13 91
13 60
13 61
13 118
13 43
13 10
13 55
13 51
13 6
13 90
13 65
13 1
13 39
13 36
13 64
13 72
13 107
13 85
13 14
13 58
13 101
13 47
13 19
13 92
13 117
13 66
13 74
13 71
13 22
13 5
13 21
13 109
13 24
13 3
13 84
13 86
13 83
13 56
13 103
13 70
13 28
13 48
13 81
13 89
13 111
13 44
13 79
13 76
13 18
14 74
15 30
15 99
15 57
15 54
15 87
15 96
15 52
15 34
15 8
15 41
15 102
15 78
15 7
15 106
15 116
15 115
15 37
15 45
15 25
15 104
15 33
15 0
15 80
15 46
15 38
15 59
15 93
15 68
15 113
15 31
15 50
15 62
15 9
15 91
15 60
15 61
15 118
15 10
15 55
15 51
15 6
15 13
15 90
15 65
15 1
15 39
15 36
15 64
15 72
15 107
15 85
15 14
15 58
15 101
15 47
15 19
15 92
15 117
15 66
15 74
15 71
15 22
15 5
15 21
15 109
15 24
15 3
15 84
15 86
15 83
15 56
15 103
15 70
15 28
15 48
15 81
15 89
15 111
15 44
15 79
15 76
15 18
16 102
16 46
16 9
16 64
16 69
17 30
17 45
17 148
18 30
18 99
18 57
18 54
18 87
18 96
18 34
18 8
18 41
18 102
18 78
18 7
18 106
18 116
18 115
18 37
18 45
18 25
18 104
18 33
18 0
18 80
18 46
18 38
18 59
18 93
18 68
18 113
18 31
18 50
18 62
18 9
18 91
18 60
18 61
18 118
18 10
18 55
18 51
18 6
18 13
18 90
18 65
18 1
18 39
18 36
18 64
18 72
18 107
18 85
18 14
18 58
18 101
18 47
18 19
18 92
18 117
18 66
18 74
18 71
18 69
18 22
18 5
18 21
18 109
18 24
18 3
18 84
18 86
18 83
18 56
18 103
18 70
18 28
18 48
18 81
18 89
18 111
18 44
18 79
18 76
19 99
19 25
19 90
19 1
19 117
19 74
19 70
19 48
19 81
19 111
20 39
20 111
21 99
23 25
23 74
23 111
24 30
24 99
24 57
24 54
24 87
24 96
24 34
24 8
24 41
24 102
24 78
24 7
24 106
24 116
24 115
24 37
24 45
24 25
24 104
24 33
24 0
24 80
24 46
24 38
24 59
24 93
24 94
24 68
24 113
24 31
24 50
24 62
24 9
24 110
24 91
24 60
24 61
24 118
24 10
24 55
24 51
24 6
24 13
24 90
24 65
24 1
24 39
24 36
24 64
24 72
24 107
24 85
24 14
24 58
24 101
24 47
24 19
24 92
24 117
24 66
24 74
24 71
24 69
24 22
24 5
24 21
24 109
24 130
24 3
24 84
24 86
24 83
24 56
24 103
24 70
24 28
24 48
24 81
24 89
24 111
24 44
24 79
24 76
24 18
25 30
25 99
25 57
25 54
25 87
25 96
25 34
25 8
25 41
25 102
25 78
25 7
25 106
25 116
25 115
25 37
25 40
25 45
25 104
25 33
25 0
25 80
25 46
25 38
25 59
25 93
25 68
25 113
25 31
25 50
25 62
25 9
25 91
25 60
25 61
25 118
25 10
25 55
25 51
25 77
25 6
25 13
25 90
25 65
25 1
25 39
25 36
25 64
25 72
25 107
25 85
25 14
25 58
25 101
25 47
25 19
25 92
25 117
25 66
25 74
25 71
25 22
25 5
25 21
25 109
25 24
25 3
25 84
25 86
25 83
25 56
25 103
25 70
25 28
25 48
25 81
25 89
25 111
25 44
25 79
25 76
25 18
26 30
26 99
26 57
26 54
26 87
26 96
26 34
26 8
26 41
26 102
26 78
26 7
26 106
26 116
26 115
26 37
26 45
26 25
26 104
26 33
26 0
26 80
26 46
26 38
26 59
26 93
26 68
26 113
26 31
26 50
26 62
26 9
26 91
26 60
26 61
26 118
26 10
26 55
26 51
26 6
26 13
26 90
26 65
26 1
26 39
26 36
26 64
26 72
26 107
26 85
26 14
26 58
26 101
26 47
26 19
26 92
26 117
26 66
26 74
26 71
26 22
26 5
26 21
26 109
26 24
26 3
26 84
26 86
26 83
26 56
26 103
26 70
26 28
26 48
26 81
26 89
26 111
26 44
26 79
26 76
26 18
27 30
27 99
27 57
27 54
27 87
27 96
27 34
27 8
27 41
27 102
27 78
27 7
27 106
27 116
27 115
27 37
27 45
27 25
27 104
27 33
27 0
27 80
27 46
27 38
27 59
27 93
27 68
27 113
27 31
27 50
27 62
27 9
27 91
27 60
27 61
27 118
27 10
27 55
27 51
27 6
27 13
27 90
27 65
27 1
27 39
27 36
27 64
27 72
27 107
27 85
27 14
27 58
27 101
27 47
27 19
27 92
27 117
27 66
27 74
27 71
27 22
27 5
27 21
27 109
27 24
27 3
27 84
27 86
27 83
27 56
27 103
27 70
27 28
27 48
27 81
27 89
27 111
27 44
27 79
27 76
27 18
28 57
28 111
29 116
29 60
29 51
30 99
30 57
30 54
30 87
30 96
30 34
30 8
30 41
30 102
30 78
30 7
30 106
30 116
30 115
30 37
30 45
30 25
30 104
30 33
30 0
30 80
30 46
30 38
30 59
30 93
30 68
30 113
30 31
30 50
30 62
30 9
30 91
30 60
30 61
30 118
30 10
30 55
30 51
30 6
30 13
30 90
30 65
30 1
30 39
30 36
30 64
30 72
30 107
30 85
30 14
30 58
30 101
30 47
30 19
30 92
30 117
30 66
30 74
30 71
30 22
30 5
30 21
30 109
30 24
30 3
30 84
30 86
30 83
30 56
30 103
30 70
30 28
30 48
30 81
30 89
30 111
30 44
30 79
30 76
30 18
33 109
33 24
33 111
34 80
34 31
34 110
34 64
36 30
36 99
36 57
36 54
36 87
36 96
36 34
36 8
36 41
36 102
36 78
36 7
36 106
36 116
36 115
36 37
36 45
36 25
36 104
36 105
36 33
36 0
36 80
36 46
36 38
36 59
36 93
36 94
36 68
36 113
36 31
36 50
36 62
36 9
36 91
36 60
36 61
36 118
36 10
36 55
36 51
36 6
36 13
36 90
36 65
36 1
36 39
36 64
36 72
36 107
36 85
36 14
36 58
36 101
36 47
36 19
36 92
36 117
36 66
36 74
36 71
36 22
36 5
36 21
36 109
36 24
36 3
36 84
36 86
36 83
36 56
36 103
36 70
36 28
36 48
36 81
36 89
36 111
36 44
36 79
36 76
36 18
37 30
37 99
37 57
37 54
37 87
37 96
37 34
37 8
37 41
37 102
37 78
37 7
37 106
37 116
37 115
37 40
37 45
37 25
37 104
37 33
37 0
37 80
37 46
37 38
37 59
37 93
37 68
37 113
37 31
37 50
37 62
37 9
37 91
37 60
37 61
37 118
37 10
37 55
37 51
37 77
37 6
37 13
37 90
37 65
37 1
37 39
37 36
37 64
37 72
37 107
37 85
37 14
37 58
37 101
37 47
37 19
37 92
37 117
37 66
37 74
37 71
37 22
37 5
37 21
37 109
37 24
37 3
37 84
37 86
37 83
37 56
37 103
37 70
37 28
37 48
37 81
37 89
37 111
37 44
37 79
37 76
37 18
38 36
39 30
39 99
39 57
39 54
39 87
39 96
39 34
39 8
39 41
39 102
39 78
39 7
39 106
39 116
39 115
39 37
39 45
39 25
39 104
39 33
39 0
39 80
39 46
39 38
39 59
39 93
39 94
39 68
39 113
39 31
39 50
39 62
39 9
39 110
39 91
39 60
39 61
39 118
39 10
39 55
39 51
39 6
39 13
39 90
39 65
39 1
39 36
39 64
39 72
39 107
39 85
39 14
39 58
39 101
39 47
39 19
39 92
39 117
39 66
39 74
39 71
39 69
39 22
39 5
39 21
39 109
39 24
39 3
39 84
39 86
39 83
39 56
39 103
39 70
39 28
39 48
39 81
39 89
39 111
39 44
39 79
39 76
39 18
40 41
40 37
40 25
40 33
40 77
40 90
41 30
41 99
41 114
41 57
41 54
41 87
41 96
41 34
41 8
41 102
41 78
41 7
41 106
41 116
41 115
41 37
41 40
41 45
41 25
41 104
41 33
41 0
41 80
41 46
41 38
41 59
41 93
41 94
41 68
41 113
41 31
41 50
41 62
41 9
41 91
41 60
41 61
41 118
41 10
41 55
41 51
41 77
41 6
41 13
41 90
41 65
41 1
41 39
41 36
41 64
41 72
41 107
41 85
41 14
41 58
41 101
41 47
41 19
41 92
41 117
41 66
41 74
41 71
41 69
41 22
41 5
41 21
41 109
41 24
41 3
41 84
41 86
41 83
41 56
41 103
41 70
41 28
41 48
41 81
41 89
41 111
41 44
41 79
41 76
41 18
42 30
42 99
42 57
42 54
42 87
42 96
42 34
42 8
42 41
42 102
42 78
42 7
42 106
42 116
42 115
42 37
42 45
42 25
42 104
42 33
42 0
42 80
42 46
42 38
42 59
42 93
42 68
42 113
42 31
42 50
42 62
42 9
42 91
42 60
42 61
42 118
42 10
42 55
42 51
42 6
42 13
42 90
42 65
42 1
42 39
42 36
42 64
42 72
42 107
42 85
42 14
42 58
42 101
42 47
42 19
42 92
42 117
42 66
42 74
42 71
42 22
42 5
42 21
42 109
42 24
42 3
42 84
42 86
42 83
42 56
42 103
42 70
42 28
42 48
42 81
42 89
42 111
42 44
42 79
42 76
42 18
43 30
43 99
43 57
43 54
43 87
43 96
43 34
43 8
43 41
43 102
43 78
43 7
43 106
43 116
43 115
43 37
43 45
43 25
43 104
43 33
43 0
43 80
43 46
43 38
43 59
43 93
43 68
43 113
43 31
43 50
43 62
43 9
43 91
43 60
43 61
43 118
43 10
43 55
43 51
43 6
43 13
43 90
43 65
43 1
43 39
43 36
43 64
43 72
43 107
43 85
43 14
43 58
43 101
43 47
43 19
43 92
43 117
43 66
43 74
43 71
43 22
43 5
43 21
43 109
43 24
43 3
43 84
43 86
43 83
43 56
43 103
43 70
43 28
43 48
43 81
43 89
43 111
43 44
43 79
43 76
43 18
44 99
44 57
44 96
44 41
44 102
44 25
44 60
44 51
44 90
44 1
44 39
44 64
44 85
44 19
44 117
44 74
44 84
44 48
44 81
44 111
45 140
45 132
45 30
45 99
45 57
45 54
45 87
45 134
45 135
45 96
45 34
45 8
45 41
45 102
45 78
45 7
45 106
45 116
45 115
45 37
45 120
45 25
45 133
45 147
45 104
45 148
45 136
45 33
45 0
45 137
45 80
45 46
45 38
45 59
45 93
45 94
45 68
45 113
45 31
45 50
45 62
45 9
45 110
45 91
45 60
45 61
45 118
45 10
45 55
45 123
45 122
45 121
45 51
45 127
45 6
45 13
45 90
45 65
45 1
45 39
45 36
45 64
45 72
45 107
45 85
45 14
45 58
45 101
45 47
45 19
45 92
45 117
45 66
45 74
45 71
45 69
45 129
45 139
45 22
45 5
45 21
45 109
45 130
45 24
45 3
45 84
45 86
45 83
45 56
45 103
45 70
45 138
45 128
45 28
45 48
45 81
45 89
45 143
45 111
45 44
45 17
45 79
45 76
45 18
46 30
46 99
46 57
46 54
46 87
46 96
46 34
46 8
46 41
46 102
46 78
46 7
46 106
46 116
46 115
46 37
46 45
46 25
46 104
46 33
46 0
46 80
46 38
46 59
46 93
46 68
46 113
46 31
46 50
46 62
46 9
46 91
46 60
46 61
46 118
46 10
46 55
46 51
46 6
46 13
46 90
46 65
46 1
46 39
46 36
46 64
46 72
46 107
46 85
46 14
46 58
46 101
46 47
46 19
46 92
46 117
46 66
46 74
46 71
46 69
46 22
46 5
46 21
46 109
46 24
46 3
46 84
46 86
46 83
46 56
46 103
46 70
46 28
46 48
46 81
46 89
46 111
46 44
46 79
46 76
46 18
47 25
47 60
47 90
47 64
47 111
48 30
48 99
48 57
48 54
48 87
48 96
48 34
48 8
48 41
48 102
48 78
48 7
48 106
48 116
48 115
48 37
48 45
48 25
48 104
48 33
48 0
48 80
48 46
48 38
48 59
48 93
48 68
48 113
48 31
48 50
48 62
48 9
48 110
48 91
48 60
48 61
48 118
48 10
48 55
48 51
48 6
48 13
48 90
48 65
48 1
48 39
48 36
48 64
48 72
48 107
48 85
48 14
48 58
48 101
48 47
48 19
48 92
48 117
48 66
48 74
48 71
48 69
48 22
48 5
48 21
48 109
48 24
48 3
48 84
48 86
48 83
48 56
48 103
48 70
48 28
48 48
48 81
48 89
48 111
48 44
48 79
48 76
48 18
50 30
50 99
50 57
50 54
50 87
50 96
50 34
50 8
50 41
50 102
50 78
50 7
50 106
50 116
50 115
50 37
50 45
50 25
50 104
50 33
50 0
50 80
50 46
50 38
50 59
50 93
50 68
50 113
50 31
50 62
50 9
50 91
50 60
50 61
50 118
50 10
50 55
50 51
50 6
50 13
50 90
50 65
50 1
50 39
50 36
50 64
50 72
50 107
50 85
50 14
50 58
50 101
50 47
50 19
50 92
50 117
50 66
50 74
50 71
50 22
50 5
50 21
50 109
50 24
50 3
50 84
50 86
50 83
50 56
50 103
50 70
50 28
50 48
50 81
50 89
50 111
50 44
50 79
50 76
50 18
51 30
51 99
51 57
51 54
51 87
51 96
51 34
51 8
51 41
51 102
51 11
51 78
51 7
51 106
51 116
51 115
51 37
51 45
51 25
51 104
51 105
51 33
51 0
51 80
51 46
51 38
51 59
51 93
51 94
51 68
51 113
51 31
51 50
51 62
51 9
51 110
51 91
51 60
51 61
51 118
51 10
51 55
51 6
51 13
51 90
51 65
51 1
51 29
51 39
51 36
51 64
51 72
51 107
51 85
51 14
51 58
51 101
51 47
51 19
51 92
51 117
51 66
51 74
51 71
51 69
51 22
51 5
51 21
51 109
51 130
51 24
51 3
51 84
51 86
51 83
51 56
51 103
51 70
51 28
51 48
51 81
51 89
51 111
51 44
51 79
51 76
51 18
52 30
52 99
52 57
52 54
52 87
52 96
52 34
52 8
52 41
52 102
52 78
52 7
52 106
52 116
52 115
52 37
52 45
52 25
52 104
52 33
52 0
52 80
52 46
52 38
52 59
52 93
52 68
52 113
52 31
52 50
52 62
52 9
52 91
52 60
52 61
52 118
52 10
52 55
52 51
52 6
52 13
52 90
52 65
52 1
52 39
52 36
52 64
52 72
52 107
52 85
52 14
52 58
52 101
52 47
52 19
52 92
52 117
52 66
52 74
52 71
52 22
52 5
52 21
52 109
52 24
52 3
52 84
52 86
52 83
52 56
52 103
52 70
52 28
52 48
52 81
52 89
52 111
52 44
52 79
52 76
52 18
53 116
53 51
53 64
53 73
55 30
55 99
55 57
55 54
55 87
55 96
55 34
55 8
55 41
55 102
55 78
55 7
55 106
55 116
55 115
55 37
55 45
55 25
55 104
55 33
55 0
55 80
55 46
55 38
55 59
55 93
55 68
55 113
55 31
55 50
55 62
55 9
55 110
55 91
55 60
55 61
55 118
55 10
55 51
55 6
55 13
55 90
55 65
55 1
55 39
55 36
55 64
55 72
55 107
55 85
55 14
55 58
55 101
55 47
55 19
55 92
55 117
55 66
55 74
55 71
55 69
55 22
55 5
55 21
55 109
55 24
55 3
55 84
55 86
55 83
55 56
55 103
55 70
55 28
55 48
55 81
55 89
55 111
55 44
55 79
55 76
55 18
56 30
56 99
56 57
56 54
56 87
56 96
56 34
56 8
56 41
56 102
56 78
56 7
56 106
56 116
56 115
56 37
56 45
56 25
56 104
56 33
56 0
56 80
56 46
56 38
56 59
56 93
56 68
56 113
56 31
56 50
56 62
56 9
56 91
56 60
56 61
56 118
56 10
56 55
56 51
56 6
56 13
56 90
56 65
56 1
56 39
56 36
56 64
56 72
56 107
56 85
56 14
56 58
56 101
56 47
56 19
56 92
56 117
56 66
56 74
56 71
56 22
56 5
56 21
56 109
56 24
56 3
56 84
56 86
56 83
56 103
56 70
56 28
56 48
56 81
56 89
56 111
56 44
56 79
56 76
56 18
57 30
57 99
57 54
57 87
57 96
57 34
57 8
57 41
57 102
57 78
57 7
57 106
57 116
57 115
57 37
57 45
57 25
57 104
57 33
57 0
57 80
57 46
57 38
57 59
57 93
57 68
57 113
57 31
57 50
57 62
57 9
57 91
57 60
57 61
57 118
57 10
57 55
57 51
57 6
57 13
57 90
57 65
57 1
57 39
57 36
57 64
57 72
57 107
57 85
57 14
57 58
57 101
57 47
57 19
57 92
57 117
57 66
57 74
57 71
57 22
57 5
57 21
57 109
57 24
57 3
57 84
57 86
57 83
57 56
57 103
57 70
57 28
57 48
57 81
57 89
57 111
57 44
57 79
57 76
57 18
58 30
58 99
58 57
58 54
58 87
58 96
58 34
58 8
58 41
58 102
58 78
58 7
58 106
58 116
58 115
58 37
58 45
58 25
58 104
58 33
58 0
58 80
58 46
58 38
58 59
58 93
58 68
58 113
58 31
58 50
58 62
58 9
58 91
58 60
58 61
58 118
58 10
58 55
58 51
58 6
58 13
58 90
58 65
58 1
58 39
58 36
58 64
58 72
58 107
58 85
58 14
58 101
58 47
58 19
58 92
58 117
58 66
58 74
58 71
58 22
58 5
58 21
58 109
58 24
58 3
58 84
58 86
58 83
58 56
58 103
58 70
58 28
58 48
58 81
58 89
58 111
58 44
58 79
58 76
58 18
59 102
60 30
60 99
60 57
60 54
60 87
60 96
60 34
60 8
60 41
60 102
60 78
60 7
60 106
60 116
60 115
60 37
60 45
60 25
60 104
60 33
60 0
60 80
60 46
60 38
60 59
60 93
60 94
60 68
60 113
60 31
60 50
60 62
60 9
60 110
60 91
60 61
60 118
60 10
60 55
60 51
60 6
60 13
60 90
60 65
60 1
60 39
60 36
60 64
60 72
60 107
60 85
60 14
60 58
60 101
60 47
60 19
60 92
60 117
60 66
60 74
60 71
60 69
60 22
60 5
60 21
60 109
60 130
60 24
60 3
60 84
60 16
60 86
60 83
60 56
60 103
60 70
60 28
60 48
60 81
60 89
60 111
60 44
60 79
60 76
60 18
61 30
61 99
61 57
61 54
61 87
61 96
61 34
61 8
61 41
61 102
61 78
61 7
61 106
61 116
61 115
61 37
61 45
61 25
61 104
61 33
61 0
61 80
61 46
61 38
61 59
61 93
61 68
61 113
61 31
61 50
61 62
61 9
61 91
61 60
61 118
61 10
61 55
61 51
61 6
61 13
61 90
61 65
61 1
61 39
61 36
61 64
61 72
61 107
61 85
61 14
61 58
61 101
61 47
61 19
61 92
61 117
61 66
61 74
61 71
61 22
61 5
61 21
61 109
61 24
61 3
61 84
61 86
61 83
61 56
61 103
61 70
61 28
61 48
61 81
61 89
61 111
61 44
61 79
61 76
61 18
62 51
63 51
64 30
64 99
64 57
64 54
64 87
64 96
64 34
64 8
64 41
64 102
64 78
64 7
64 106
64 116
64 115
64 37
64 45
64 25
64 104
64 33
64 0
64 80
64 46
64 38
64 59
64 93
64 68
64 113
64 31
64 50
64 62
64 9
64 110
64 91
64 60
64 61
64 118
64 10
64 55
64 51
64 6
64 13
64 90
64 65
64 1
64 39
64 36
64 72
64 107
64 85
64 14
64 58
64 101
64 47
64 19
64 92
64 117
64 66
64 74
64 71
64 69
64 22
64 5
64 21
64 109
64 130
64 24
64 3
64 84
64 86
64 83
64 56
64 103
64 70
64 28
64 48
64 81
64 89
64 111
64 44
64 79
64 76
64 18
65 45
65 90
65 74
65 138
65 111
66 30
66 99
66 57
66 54
66 87
66 96
66 34
66 8
66 41
66 102
66 78
66 7
66 106
66 116
66 115
66 37
66 45
66 25
66 104
66 33
66 0
66 80
66 46
66 38
66 59
66 93
66 68
66 113
66 31
66 50
66 62
66 9
66 91
66 60
66 61
66 118
66 10
66 55
66 51
66 6
66 13
66 90
66 65
66 1
66 39
66 36
66 64
66 72
66 107
66 85
66 14
66 58
66 101
66 47
66 19
66 92
66 117
66 74
66 71
66 22
66 5
66 21
66 109
66 24
66 3
66 84
66 86
66 83
66 56
66 103
66 70
66 28
66 48
66 81
66 89
66 111
66 44
66 79
66 76
66 18
67 105
68 90
68 18
69 99
69 134
69 41
69 102
69 45
69 93
69 94
69 9
69 110
69 60
69 55
69 51
69 90
69 39
69 64
69 74
69 69
69 5
69 24
69 86
69 48
69 81
69 89
69 111
70 37
70 25
70 90
70 111
71 30
71 99
71 57
71 54
71 87
71 96
71 34
71 8
71 41
71 102
71 78
71 7
71 106
71 116
71 115
71 37
71 45
71 25
71 104
71 33
71 0
71 80
71 46
71 38
71 59
71 93
71 68
71 113
71 31
71 50
71 62
71 9
71 91
71 60
71 61
71 118
71 10
71 55
71 51
71 6
71 13
71 90
71 65
71 1
71 39
71 36
71 64
71 72
71 107
71 85
71 14
71 58
71 101
71 47
71 19
71 92
71 117
71 66
71 74
71 22
71 5
71 21
71 109
71 24
71 3
71 84
71 86
71 83
71 56
71 103
71 70
71 28
71 48
71 81
71 89
71 111
71 44
71 79
71 76
71 18
72 99
72 45
72 43
74 30
74 99
74 57
74 54
74 87
74 96
74 34
74 8
74 41
74 102
74 78
74 7
74 106
74 116
74 115
74 37
74 45
74 25
74 104
74 33
74 0
74 80
74 46
74 38
74 59
74 93
74 68
74 113
74 31
74 50
74 62
74 9
74 110
74 91
74 60
74 61
74 118
74 10
74 55
74 51
74 6
74 13
74 90
74 65
74 1
74 39
74 36
74 64
74 72
74 107
74 85
74 14
74 58
74 101
74 47
74 19
74 92
74 117
74 66
74 71
74 69
74 22
74 5
74 21
74 109
74 24
74 3
74 84
74 86
74 83
74 56
74 103
74 70
74 28
74 48
74 81
74 89
74 111
74 44
74 79
74 76
74 18
75 24
76 74
77 30
77 99
77 57
77 54
77 87
77 96
77 34
77 8
77 41
77 102
77 78
77 7
77 106
77 116
77 115
77 37
77 40
77 45
77 25
77 104
77 33
77 0
77 80
77 46
77 38
77 59
77 93
77 68
77 113
77 31
77 50
77 62
77 9
77 91
77 60
77 61
77 118
77 10
77 55
77 51
77 6
77 13
77 90
77 65
77 1
77 39
77 36
77 64
77 72
77 107
77 85
77 14
77 58
77 101
77 47
77 19
77 92
77 117
77 66
77 74
77 71
77 22
77 5
77 21
77 109
77 24
77 3
77 84
77 86
77 83
77 56
77 103
77 70
77 28
77 48
77 81
77 89
77 111
77 44
77 79
77 76
77 18
78 51
78 111
79 99
79 64
79 81
80 34
80 31
81 30
81 99
81 57
81 54
81 87
81 96
81 34
81 8
81 41
81 102
81 78
81 7
81 106
81 116
81 115
81 37
81 45
81 25
81 104
81 33
81 0
81 80
81 46
81 38
81 59
81 93
81 68
81 113
81 31
81 50
81 62
81 9
81 110
81 91
81 60
81 61
81 118
81 10
81 55
81 51
81 6
81 13
81 90
81 65
81 1
81 39
81 36
81 64
81 72
81 107
81 85
81 14
81 58
81 101
81 47
81 19
81 92
81 117
81 66
81 74
81 71
81 69
81 22
81 5
81 21
81 109
81 24
81 3
81 84
81 86
81 83
81 56
81 103
81 70
81 28
81 48
81 89
81 111
81 44
81 79
81 76
81 18
82 48
82 111
83 30
83 99
83 57
83 54
83 87
83 96
83 34
83 8
83 41
83 102
83 78
83 7
83 106
83 116
83 115
83 37
83 45
83 25
83 104
83 33
83 0
83 80
83 46
83 38
83 59
83 93
83 68
83 113
83 31
83 50
83 62
83 9
83 91
83 60
83 61
83 118
83 10
83 55
83 51
83 6
83 13
83 100
83 90
83 65
83 1
83 39
83 36
83 64
83 72
83 107
83 85
83 14
83 58
83 101
83 47
83 19
83 92
83 117
83 66
83 74
83 71
83 22
83 5
83 21
83 109
83 24
83 3
83 84
83 86
83 56
83 103
83 70
83 28
83 48
83 81
83 89
83 111
83 44
83 79
83 76
83 18
84 30
84 99
84 45
84 104
84 46
84 51
84 85
84 117
84 16
84 48
84 81
84 89
85 41
85 102
85 45
85 133
85 60
85 51
85 64
85 84
85 48
85 81
86 99
86 102
86 45
86 25
86 93
86 110
86 60
86 51
86 90
86 39
86 64
86 74
86 69
86 24
86 48
86 81
86 111
87 30
87 99
87 57
87 54
87 96
87 34
87 8
87 41
87 102
87 78
87 7
87 106
87 116
87 115
87 37
87 45
87 25
87 104
87 33
87 0
87 80
87 46
87 38
87 59
87 93
87 68
87 113
87 31
87 50
87 62
87 9
87 91
87 60
87 61
87 118
87 10
87 55
87 51
87 6
87 13
87 90
87 65
87 1
87 39
87 36
87 64
87 72
87 107
87 85
87 14
87 58
87 101
87 47
87 19
87 92
87 117
87 66
87 74
87 71
87 22
87 5
87 21
87 109
87 24
87 3
87 84
87 86
87 83
87 56
87 103
87 70
87 28
87 48
87 81
87 89
87 111
87 44
87 79
87 76
87 18
88 99
89 30
89 99
89 57
89 54
89 87
89 96
89 34
89 8
89 41
89 102
89 78
89 7
89 106
89 116
89 115
89 37
89 45
89 25
89 104
89 33
89 0
89 80
89 46
89 38
89 59
89 93
89 68
89 113
89 31
89 50
89 62
89 9
89 91
89 60
89 61
89 118
89 10
89 55
89 51
89 6
89 13
89 90
89 65
89 1
89 39
89 36
89 64
89 72
89 107
89 85
89 14
89 58
89 101
89 47
89 19
89 92
89 117
89 66
89 74
89 71
89 69
89 22
89 5
89 21
89 109
89 130
89 24
89 3
89 84
89 86
89 83
89 56
89 103
89 70
89 28
89 48
89 81
89 111
89 44
89 79
89 76
89 18
90 30
90 99
90 57
90 54
90 87
90 96
90 34
90 8
90 41
90 102
90 78
90 7
90 106
90 116
90 115
90 37
90 40
90 45
90 25
90 104
90 33
90 0
90 80
90 46
90 38
90 59
90 93
90 94
90 68
90 113
90 31
90 50
90 62
90 9
90 110
90 91
90 60
90 61
90 118
90 10
90 55
90 51
90 6
90 13
90 65
90 1
90 39
90 36
90 64
90 72
90 107
90 85
90 14
90 58
90 101
90 47
90 19
90 92
90 117
90 66
90 74
90 71
90 69
90 22
90 5
90 21
90 109
90 24
90 3
90 84
90 86
90 83
90 56
90 103
90 70
90 28
90 48
90 81
90 89
90 111
90 44
90 79
90 76
90 18
93 99
93 102
93 115
93 45
93 25
93 94
93 110
93 60
93 61
93 51
93 90
93 39
93 36
93 64
93 74
93 69
93 86
93 48
93 81
93 111
94 41
94 102
94 116
94 45
94 93
94 60
94 61
94 51
94 90
94 39
94 36
94 69
94 24
95 116
95 51
96 99
96 45
96 25
96 46
96 60
96 61
96 43
96 64
96 107
96 71
96 5
96 111
97 66
99 140
99 30
99 57
99 54
99 87
99 96
99 34
99 8
99 41
99 102
99 78
99 7
99 106
99 116
99 115
99 37
99 45
99 25
99 104
99 33
99 0
99 80
99 46
99 38
99 59
99 93
99 68
99 113
99 31
99 50
99 62
99 9
99 110
99 91
99 60
99 61
99 118
99 43
99 10
99 55
99 51
99 6
99 13
99 90
99 65
99 1
99 39
99 36
99 64
99 72
99 107
99 85
99 14
99 58
99 101
99 47
99 19
99 92
99 117
99 66
99 74
99 71
99 69
99 22
99 5
99 21
99 109
99 24
99 3
99 84
99 86
99 83
99 56
99 103
99 70
99 28
99 48
99 81
99 89
99 111
99 44
99 79
99 76
99 18
100 30
100 99
100 57
100 54
100 87
100 96
100 34
100 8
100 41
100 102
100 78
100 7
100 106
100 116
100 115
100 37
100 45
100 25
100 104
100 33
100 0
100 80
100 46
100 38
100 59
100 93
100 68
100 113
100 31
100 50
100 62
100 9
100 91
100 60
100 61
100 118
100 10
100 55
100 51
100 6
100 13
100 90
100 65
100 1
100 39
100 36
100 64
100 72
100 107
100 85
100 14
100 58
100 101
100 47
100 19
100 92
100 117
100 66
100 74
100 71
100 22
100 5
100 21
100 109
100 24
100 3
100 84
100 86
100 83
100 56
100 103
100 70
100 28
100 48
100 81
100 89
100 111
100 44
100 79
100 76
100 18
101 30
101 99
101 57
101 54
101 87
101 96
101 34
101 8
101 41
101 102
101 78
101 7
101 106
101 116
101 115
101 37
101 45
101 25
101 104
101 33
101 0
101 80
101 46
101 38
101 59
101 93
101 68
101 113
101 31
101 50
101 62
101 9
101 91
101 60
101 61
101 118
101 10
101 55
101 51
101 6
101 13
101 100
101 90
101 65
101 1
101 39
101 36
101 64
101 72
101 107
101 85
101 14
101 58
101 47
101 19
101 92
101 117
101 66
101 74
101 71
101 22
101 5
101 21
101 109
101 24
101 3
101 84
101 86
101 83
101 56
101 103
101 70
101 28
101 48
101 81
101 89
101 111
101 44
101 79
101 76
101 18
102 30
102 99
102 57
102 54
102 87
102 96
102 34
102 8
102 41
102 78
102 7
102 106
102 116
102 115
102 37
102 45
102 25
102 104
102 33
102 0
102 80
102 46
102 26
102 38
102 59
102 93
102 94
102 68
102 113
102 31
102 50
102 62
102 9
102 110
102 91
102 60
102 61
102 118
102 10
102 55
102 51
102 6
102 13
102 90
102 65
102 1
102 39
102 36
102 64
102 72
102 107
102 85
102 14
102 58
102 101
102 47
102 19
102 92
102 117
102 66
102 74
102 71
102 69
102 22
102 5
102 21
102 109
102 130
102 24
102 3
102 84
102 86
102 83
102 56
102 103
102 70
102 28
102 48
102 81
102 89
102 111
102 44
102 79
102 76
102 18
103 30
103 99
103 57
103 54
103 87
103 96
103 34
103 8
103 41
103 102
103 78
103 7
103 106
103 116
103 115
103 37
103 45
103 25
103 104
103 33
103 0
103 80
103 46
103 38
103 59
103 93
103 68
103 113
103 31
103 50
103 62
103 9
103 91
103 60
103 61
103 118
103 10
103 55
103 51
103 6
103 13
103 90
103 65
103 1
103 39
103 36
103 64
103 72
103 107
103 85
103 14
103 58
103 101
103 47
103 19
103 92
103 117
103 66
103 74
103 71
103 22
103 5
103 21
103 109
103 24
103 3
103 84
103 86
103 83
103 56
103 70
103 28
103 48
103 81
103 89
103 111
103 44
103 79
103 76
103 18
104 30
104 99
104 57
104 54
104 87
104 96
104 34
104 2
104 8
104 41
104 102
104 78
104 7
104 106
104 116
104 115
104 37
104 45
104 25
104 33
104 0
104 80
104 46
104 38
104 59
104 93
104 68
104 113
104 31
104 50
104 62
104 9
104 91
104 60
104 61
104 118
104 10
104 55
104 51
104 6
104 13
104 90
104 65
104 1
104 39
104 36
104 64
104 72
104 107
104 85
104 14
104 58
104 101
104 47
104 19
104 92
104 117
104 66
104 74
104 71
104 22
104 5
104 21
104 109
104 24
104 3
104 84
104 86
104 83
104 56
104 103
104 70
104 28
104 48
104 81
104 89
104 111
104 44
104 79
104 76
104 18
105 60
105 51
105 64
105 71
106 30
106 99
106 57
106 54
106 87
106 96
106 34
106 8
106 41
106 102
106 78
106 7
106 116
106 115
106 37
106 45
106 25
106 104
106 33
106 0
106 80
106 46
106 38
106 59
106 93
106 68
106 113
106 31
106 50
106 62
106 9
106 91
106 60
106 61
106 118
106 10
106 55
106 51
106 6
106 13
106 90
106 65
106 1
106 39
106 36
106 64
106 72
106 107
106 85
106 14
106 58
106 101
106 47
106 19
106 92
106 117
106 66
106 74
106 71
106 22
106 5
106 21
106 109
106 24
106 3
106 84
106 86
106 83
106 56
106 103
106 70
106 28
106 48
106 81
106 89
106 111
106 44
106 79
106 76
106 18
107 41
107 45
107 9
107 64
107 74
107 111
108 30
108 99
108 57
108 54
108 87
108 96
108 34
108 8
108 41
108 102
108 78
108 7
108 106
108 116
108 115
108 37
108 45
108 25
108 104
108 33
108 0
108 80
108 46
108 38
108 59
108 93
108 68
108 113
108 31
108 50
108 62
108 9
108 91
108 60
108 61
108 118
108 10
108 55
108 51
108 6
108 13
108 90
108 65
108 1
108 39
108 36
108 64
108 72
108 107
108 85
108 14
108 58
108 101
108 47
108 19
108 92
108 117
108 66
108 74
108 71
108 22
108 5
108 21
108 109
108 24
108 3
108 84
108 86
108 83
108 56
108 103
108 70
108 28
108 48
108 81
108 89
108 111
108 44
108 79
108 76
108 18
109 99
109 7
109 37
109 45
109 74
109 111
109 18
110 99
110 102
110 116
110 45
110 93
110 60
110 55
110 51
110 90
110 39
110 64
110 74
110 69
110 24
110 86
110 48
110 81
110 111
110 44
111 30
111 99
111 57
111 54
111 87
111 96
111 34
111 8
111 41
111 102
111 78
111 7
111 106
111 116
111 115
111 37
111 45
111 25
111 104
111 33
111 0
111 80
111 46
111 38
111 59
111 93
111 68
111 113
111 31
111 50
111 62
111 9
111 110
111 91
111 60
111 61
111 118
111 10
111 55
111 51
111 6
111 13
111 90
111 65
111 1
111 39
111 36
111 64
111 72
111 107
111 85
111 14
111 58
111 101
111 47
111 19
111 92
111 117
111 66
111 74
111 71
111 69
111 22
111 5
111 21
111 109
111 24
111 3
111 84
111 86
111 83
111 56
111 103
111 70
111 28
111 48
111 81
111 89
111 44
111 79
111 76
111 18
113 30
113 99
113 57
113 54
113 87
113 96
113 34
113 8
113 41
113 102
113 78
113 7
113 106
113 116
113 115
113 37
113 45
113 25
113 104
113 33
113 0
113 80
113 46
113 38
113 59
113 93
113 68
113 31
113 50
113 62
113 9
113 91
113 60
113 61
113 118
113 10
113 55
113 51
113 6
113 13
113 90
113 65
113 1
113 39
113 36
113 64
113 72
113 107
113 85
113 14
113 58
113 101
113 47
113 19
113 92
113 117
113 66
113 74
113 71
113 22
113 5
113 21
113 109
113 24
113 3
113 84
113 86
113 83
113 56
113 103
113 70
113 28
113 48
113 81
113 89
113 111
113 44
113 79
113 76
113 18
114 30
114 99
114 57
114 54
114 87
114 96
114 34
114 8
114 41
114 102
114 78
114 7
114 106
114 116
114 115
114 37
114 45
114 25
114 104
114 33
114 0
114 80
114 46
114 38
114 59
114 93
114 68
114 113
114 31
114 50
114 62
114 9
114 91
114 60
114 61
114 118
114 10
114 55
114 51
114 6
114 13
114 90
114 65
114 1
114 29
114 39
114 36
114 64
114 72
114 107
114 85
114 14
114 58
114 101
114 47
114 19
114 92
114 117
114 66
114 74
114 71
114 22
114 5
114 21
114 109
114 24
114 3
114 84
114 86
114 83
114 56
114 103
114 70
114 28
114 48
114 81
114 89
114 111
114 44
114 79
114 76
114 18
115 93
115 61
115 90
115 39
115 36
116 102
116 60
116 51
116 66
116 71
116 24
116 111
117 30
117 99
117 57
117 54
117 87
117 96
117 34
117 8
117 41
117 102
117 78
117 7
117 106
117 116
117 115
117 37
117 45
117 25
117 104
117 33
117 0
117 80
117 46
117 38
117 59
117 93
117 68
117 113
117 31
117 50
117 62
117 9
117 91
117 60
117 61
117 118
117 10
117 55
117 51
117 6
117 13
117 90
117 65
117 1
117 39
117 36
117 64
117 72
117 107
117 85
117 14
117 58
117 101
117 47
117 19
117 92
117 66
117 74
117 71
117 22
117 5
117 21
117 109
117 24
117 3
117 84
117 86
117 83
117 56
117 103
117 70
117 28
117 48
117 81
117 89
117 111
117 44
117 79
117 76
117 18
119 24
120 140
120 45
120 51
121 45
121 143
122 140
122 132
122 134
122 135
122 45
122 133
122 136
122 137
122 123
122 127
122 129
122 130
122 138
122 128
123 140
123 132
123 134
123 135
123 45
123 133
123 136
123 137
123 124
123 122
123 51
123 127
123 129
123 130
123 138
123 128
124 45
124 123
125 45
126 120
126 45
126 123
127 140
127 132
127 134
127 135
127 45
127 133
127 136
127 137
127 123
127 122
127 129
127 130
127 138
127 128
128 140
128 132
128 134
128 135
128 45
128 133
128 136
128 137
128 123
128 122
128 127
128 64
128 129
128 130
128 131
128 138
129 140
129 132
129 134
129 135
129 45
129 133
129 136
129 137
129 123
129 122
129 127
129 130
129 138
129 128
130 140
130 102
130 45
130 154
130 9
130 51
130 64
130 24
130 89
131 45
131 60
131 51
132 140
132 99
132 134
132 135
132 45
132 133
132 136
132 137
132 46
132 123
132 122
132 127
132 129
132 130
132 138
132 128
133 140
133 132
133 134
133 135
133 45
133 136
133 137
133 123
133 122
133 127
133 129
133 130
133 138
133 128
134 140
134 132
134 135
134 45
134 133
134 148
134 136
134 137
134 123
134 122
134 51
134 127
134 69
134 129
134 130
134 138
134 128
135 140
135 132
135 99
135 134
135 45
135 133
135 136
135 137
135 46
135 123
135 122
135 127
135 129
135 130
135 138
135 128
136 140
136 132
136 134
136 135
136 45
136 133
136 137
136 123
136 122
136 127
136 129
136 130
136 138
136 128
137 140
137 132
137 134
137 135
137 45
137 133
137 136
137 123
137 122
137 127
137 129
137 130
137 138
137 128
138 140
138 132
138 99
138 134
138 135
138 45
138 133
138 136
138 137
138 123
138 122
138 127
138 64
138 74
138 129
138 130
138 138
138 128
138 48
139 45
140 132
140 134
140 135
140 102
140 45
140 133
140 136
140 137
140 46
140 9
140 123
140 122
140 127
140 129
140 130
140 131
140 16
140 138
140 128
141 45
142 45
142 51
143 45
143 121
145 45
145 147
145 122
146 45
147 45
148 99
148 45
149 45
151 45
151 51
152 45
152 69
152 18
154 45
154 130
155 99
155 45
