Nodes
0 2
1 3
2 2
3 1
4 0
5 1
6 3
7 -1
8 1
9 -1
10 2
11 1
12 3
13 3
14 1
15 1
16 2
17 3
18 -1
19 1
20 0
21 0
22 3
23 0
24 0
25 -1
26 1
27 0
28 3
29 0
30 -1
31 0
32 0
33 3
34 0
35 3
36 3
37 2
38 -1
39 0
40 0
41 5
42 0
43 -1
44 5
45 5
46 5
47 3
48 -1
49 3
50 3
51 2
52 1
53 2
54 2
55 3
56 5
57 1
58 1
59 3
60 3
61 1
62 6
63 5
64 1
65 3
66 1
67 2
68 6
69 5
70 2
71 5
72 3
73 1
74 1
75 1
76 3
77 2
78 2
79 5
80 3
81 2
82 3
83 1
84 1
85 1
86 3
87 3
88 -1
89 2
90 0
91 1
92 -1
93 0
94 1
95 1
96 2
97 1
98 0
99 1
100 2
101 2
102 1
103 2
104 -1
105 1
106 1
107 2
108 2
109 2
110 1
111 1
112 0
113 -1
114 -1
115 2
116 1
117 0
118 1
119 0
120 -1
121 2
122 3
123 2
124 0
125 3
126 3
127 -1
128 1
129 1
130 3
131 0
132 3
133 1
134 0
135 3
136 3
137 3
138 1
139 0
140 3
141 3
142 -1
143 1
144 3
145 3
146 1
147 3
148 3
149 1
150 -1
151 0
152 -1
153 2
154 1
155 0
156 2
157 3
158 2
159 1
160 1
161 1
162 1
163 5
164 0
165 -1
166 -1
167 1
168 1
169 -1
170 2
171 -1
172 2
173 2
174 2
175 -1
176 1
177 -1
178 0
179 0
180 1
181 0
182 0
183 -1
184 -1
185 1
186 2
187 1
188 -1
189 -1
190 1
191 1
192 2
193 6
194 5
195 1
196 2
197 3
198 0
199 3
200 3
201 1
202 3
203 1
204 1
205 2
206 2
207 2
208 3
209 2
210 0
211 2
212 2
213 -1
214 0
215 1
216 1
217 1
218 2
219 3
220 2
221 1
222 2
223 0
224 3
225 3
226 1
227 2
228 2
229 1
230 3
231 1
232 2
233 1
234 3
235 1
236 5
237 3
238 1
239 2
240 1
241 1
242 2
243 3
244 2
245 2
246 3
247 1
248 0
249 2
250 0
251 1
252 3
253 1
254 1
255 1
256 1
257 1
258 0
259 3
260 0
261 0
262 0
263 0
264 -1
265 3
266 3
267 -1
268 0
269 1
270 0
271 0
272 0
273 0
274 0
275 0
276 0
277 0
278 1
279 1
280 1
281 2
282 2
283 0
284 0
285 0
286 0
287 0
288 -1
289 -1
290 0
291 0
292 0
293 0
294 0
295 0
296 0
297 0
298 0
299 0
300 0
301 0
302 1
303 0
304 0
305 0
306 0
307 0
308 -1
309 3
310 0
311 0
312 -1
313 -1
314 0
315 0
316 0
317 0
318 0
319 0
320 0
321 0
322 0
323 0
324 0
325 0
326 0
327 0
328 0
329 0
330 0
331 0
332 0
333 0
334 0
335 1
336 0
337 0
338 0
339 0
340 0
341 0
342 0
343 0
344 0
345 0
346 -1
347 0
348 0
349 0
350 1
351 0
352 0
353 0
354 0
355 0
356 0
357 0
358 0
359 0
360 0
361 0
362 0
363 0
364 0
365 0
366 0
367 0
368 0
369 0
370 0
371 0
372 0
373 0
374 0
375 0
376 0
377 0
378 0
379 0
380 0
381 0
382 0
383 0
384 0
385 0
386 0
387 0
388 0
389 3
390 0
391 0
392 1
393 0
394 0
395 0
396 0
397 3
398 0
399 0
400 0
401 0
402 -1
403 1
404 0
405 0
406 0
407 0
408 0
409 0
410 0
411 0
412 -1
413 0
414 2
415 0
416 0
417 0
418 0
419 0
420 0
421 0
422 0
423 0
424 0
425 0
426 0
427 0
428 1
429 0
430 3
431 -1
432 -1
433 0
434 0
435 0
436 0
437 0
438 0
439 0
440 0
441 0
442 0
443 0
444 0
445 0
446 1
447 0
448 0
449 0
450 0
451 0
452 0
453 0
454 2
455 0
456 -1
457 0
458 0
459 0
460 0
461 0
462 0
463 0
464 0
465 0
466 0
467 0
468 3
469 2
470 0
471 0
472 0
473 2
474 0
475 -1
476 0
477 3
478 -1
479 0
480 0
481 0
482 0
483 0
484 0
485 0
486 0
487 0
488 0
489 0
490 0
491 0
492 0
493 0
494 -1
495 0
496 0
497 0
498 -1
499 0
500 0
501 0
502 -1
503 0
504 0
505 0
506 0
507 0
508 0
509 0
510 0
511 0
512 0
513 0
514 0
515 0
516 0
517 0
518 0
519 0
520 0
521 0
522 0
523 0
524 3
525 0
526 0
527 0
528 0
529 -1
530 0
531 0
532 -1
533 0
534 0
535 0
536 0
537 0
538 0
539 0
540 0
541 0
542 0
543 0
544 0
545 -1
546 0
547 0
548 0
549 0
550 0
551 1
552 0
553 2
554 1
555 0
556 0
557 1
558 1
559 0
560 0
561 0
562 0
563 -1
564 0
565 0
566 1
567 0
568 0
569 0
570 -1
571 0
572 0
573 0
574 0
575 0
576 0
577 3
578 0
579 0
580 1
581 0
582 0
583 1
584 3
585 0
586 0
587 0
588 0
589 0
590 0
591 0
592 -1
593 0
594 0
595 -1
596 0
597 0
598 0
599 0
600 0
601 3
602 0
603 0
604 0
605 0
606 -1
607 1
608 1
609 1
610 0
611 0
612 -1
613 0
614 3
615 -1
616 0
617 -1
618 0
619 0
620 1
Edges
0 18
0 11
0 8
0 455
0 454
0 17
0 15
1 0
2 36
4 0
8 455
9 0
10 87
10 86
11 13
12 219
14 0
15 16
16 82
16 15
17 18
17 0
17 29
17 15
18 0
18 17
18 460
18 484
18 488
18 489
18 126
18 15
22 18
22 0
22 17
22 15
23 17
23 29
24 27
25 0
27 24
28 14
29 23
33 0
33 528
33 34
34 33
40 0
44 46
45 44
45 46
46 44
46 45
49 368
51 368
53 54
53 586
54 53
55 86
59 60
59 153
60 59
64 300
69 70
70 69
71 291
71 323
71 345
71 388
71 421
71 423
71 424
73 75
73 82
73 84
73 85
74 77
75 73
75 82
75 84
75 85
79 307
79 81
82 80
84 73
84 75
84 82
84 85
85 73
85 75
85 82
85 84
86 14
86 128
87 94
87 96
87 97
87 98
87 100
87 102
87 116
87 87
87 103
87 88
87 105
87 106
87 107
87 108
87 114
87 118
87 119
87 115
87 121
87 127
88 94
88 96
88 97
88 98
88 100
88 102
88 116
88 87
88 105
88 107
88 108
88 114
88 118
88 115
88 121
88 127
89 87
89 103
89 105
89 115
89 129
89 130
90 87
91 87
92 96
92 87
92 103
93 87
93 103
93 121
94 96
94 97
94 98
94 99
94 100
94 102
94 116
94 87
94 103
94 88
94 105
94 107
94 108
94 114
94 118
94 115
96 94
96 97
96 100
96 102
96 87
96 107
96 118
97 94
97 96
97 98
97 100
97 102
97 116
97 87
97 88
97 105
97 107
97 108
97 114
97 118
98 87
99 94
99 96
99 97
99 98
99 100
99 102
99 116
99 87
99 88
99 105
99 107
99 108
99 114
99 118
100 94
100 96
100 97
100 98
100 102
100 116
100 87
100 103
100 88
100 105
100 107
100 108
100 114
100 118
100 115
101 96
101 87
102 94
102 96
102 97
102 98
102 100
102 116
102 87
102 88
102 105
102 107
102 108
102 114
102 118
103 87
103 104
103 115
103 120
103 121
104 87
105 94
105 96
105 97
105 98
105 100
105 102
105 116
105 87
105 88
105 107
105 108
105 114
105 118
106 87
107 94
107 96
107 97
107 98
107 100
107 102
107 116
107 87
107 88
107 105
107 108
107 114
107 112
107 118
107 115
108 87
108 103
109 87
111 87
112 87
113 105
113 130
114 94
114 96
114 97
114 98
114 100
114 102
114 116
114 87
114 103
114 88
114 105
114 107
114 108
114 118
115 87
115 103
115 108
116 94
116 96
116 97
116 98
116 100
116 102
116 87
116 103
116 88
116 105
116 107
116 108
116 114
116 118
118 96
118 100
118 87
119 94
119 96
119 97
119 98
119 100
119 102
119 116
119 87
119 88
119 105
119 107
119 108
119 114
119 118
120 116
120 87
120 105
120 106
121 87
121 103
124 87
126 87
127 87
128 87
128 146
129 89
129 87
129 88
129 115
130 89
130 87
130 105
130 113
131 148
132 0
133 184
136 146
139 140
139 151
139 152
140 139
140 153
142 150
142 156
143 87
143 0
144 153
145 0
145 153
145 154
146 136
147 146
148 131
149 0
150 156
151 139
152 139
152 154
153 139
153 144
153 0
153 145
153 153
153 154
154 139
154 246
154 0
154 153
156 142
156 150
157 159
157 160
157 162
157 158
158 157
158 162
158 158
161 157
161 162
162 160
162 157
166 184
169 184
171 184
172 172
173 164
176 187
176 185
178 182
179 164
180 184
182 178
183 164
183 184
184 133
184 171
184 180
184 183
185 176
185 187
187 0
188 230
189 255
192 235
192 216
192 224
192 204
192 207
192 209
192 213
192 215
192 227
192 231
193 236
194 200
194 239
195 86
197 222
198 221
198 228
198 242
198 214
198 238
199 241
200 194
200 153
200 239
201 234
202 217
202 437
202 500
203 410
203 82
204 192
204 235
204 216
204 208
204 224
204 206
204 211
204 205
204 207
204 209
204 212
204 213
204 215
204 227
204 231
204 240
205 208
205 224
205 206
205 211
205 207
205 212
205 231
205 240
206 192
206 235
206 216
206 208
206 224
206 211
206 205
206 204
206 207
206 209
206 212
206 215
206 227
206 231
206 240
207 192
207 208
207 224
207 206
207 211
207 205
207 209
207 212
207 215
207 231
207 240
208 192
208 235
208 216
208 224
208 206
208 211
208 205
208 204
208 207
208 209
208 212
208 215
208 227
208 231
208 240
209 192
209 235
209 216
209 208
209 224
209 206
209 211
209 205
209 204
209 207
209 212
209 213
209 215
209 227
209 231
209 240
211 192
211 235
211 216
211 208
211 224
211 206
211 205
211 204
211 207
211 209
211 212
211 215
211 227
211 231
211 240
212 192
212 235
212 216
212 208
212 224
212 206
212 211
212 205
212 204
212 207
212 209
212 215
212 227
212 231
212 240
213 192
213 235
213 216
213 208
213 224
213 206
213 211
213 205
213 204
213 207
213 209
213 212
213 215
213 227
213 231
213 240
214 198
214 221
214 228
214 242
214 238
215 192
215 235
215 216
215 208
215 224
215 206
215 211
215 205
215 204
215 207
215 209
215 212
215 227
215 231
215 240
216 208
216 224
216 206
216 211
216 205
216 207
216 212
216 227
216 231
216 240
217 202
217 437
217 500
217 236
218 236
219 199
221 198
221 228
221 242
221 214
221 238
222 197
222 234
223 210
224 192
224 235
224 216
224 208
224 206
224 211
224 205
224 204
224 207
224 209
224 212
224 215
224 227
224 231
224 240
225 226
225 241
226 225
227 235
227 216
227 208
227 224
227 206
227 211
227 205
227 204
227 207
227 209
227 212
227 215
227 231
227 240
228 221
228 242
228 214
228 238
231 192
231 235
231 216
231 208
231 224
231 206
231 211
231 205
231 204
231 207
231 209
231 212
231 215
231 227
231 231
231 240
233 196
234 216
234 222
234 201
235 216
235 208
235 224
235 206
235 211
235 205
235 204
235 207
235 209
235 212
235 215
235 227
235 231
235 240
236 193
238 221
238 228
238 242
238 214
239 194
239 200
240 192
240 235
240 216
240 208
240 224
240 206
240 211
240 205
240 204
240 207
240 209
240 212
240 215
240 227
240 231
241 225
241 241
242 198
242 221
242 228
242 214
242 238
245 236
246 154
248 250
250 248
251 257
252 199
252 172
252 236
252 256
256 252
257 246
257 253
260 261
260 262
260 263
261 259
261 260
261 262
261 263
262 259
262 260
262 261
262 263
263 259
263 260
263 261
263 262
267 86
269 0
270 0
271 0
272 0
273 272
273 0
274 276
274 0
275 0
276 274
276 0
277 281
277 0
277 35
278 281
278 0
278 35
279 281
279 0
279 35
280 281
280 0
280 35
281 282
281 0
281 35
282 0
282 35
283 0
284 0
285 0
286 0
287 0
288 289
288 0
289 288
289 0
290 0
291 323
291 345
291 388
291 421
291 423
291 0
291 424
292 0
293 0
294 0
295 0
296 218
296 0
296 579
296 600
297 0
298 0
299 0
300 0
301 0
302 0
303 218
303 0
303 471
303 501
304 0
304 584
305 0
306 386
306 0
307 0
308 0
309 0
310 580
310 0
311 0
312 0
313 0
314 0
315 0
316 0
317 0
318 0
319 0
320 0
321 0
322 0
323 291
323 345
323 388
323 421
323 423
323 0
323 424
324 0
325 0
326 0
327 0
328 0
329 0
330 0
331 0
332 0
333 0
334 0
335 0
336 0
337 0
338 0
339 0
340 0
341 0
342 0
343 0
344 0
345 291
345 323
345 388
345 421
345 423
345 0
345 424
346 0
347 0
348 0
349 0
349 491
349 493
349 497
350 0
351 0
352 0
355 0
356 0
357 0
358 0
359 0
360 0
361 0
362 0
363 0
363 567
364 0
365 0
366 367
366 0
367 366
367 0
368 0
369 0
370 442
370 0
371 0
372 0
373 0
374 0
375 0
376 379
376 513
376 0
376 422
377 0
378 0
379 571
379 513
379 0
379 376
379 422
380 388
380 423
380 0
381 545
381 0
382 0
383 0
384 0
385 0
386 423
386 0
387 0
388 516
388 291
388 323
388 345
388 421
388 423
388 464
388 380
388 0
388 424
389 0
390 0
391 0
392 0
393 0
394 365
394 0
396 0
397 0
398 0
399 0
400 0
401 0
402 0
403 0
404 0
405 0
406 0
407 0
408 0
409 472
410 203
410 0
411 0
412 0
413 0
413 17
414 0
415 0
416 0
417 0
418 0
419 0
420 0
421 291
421 323
421 345
421 388
421 423
421 0
421 424
422 379
422 513
422 0
422 376
423 291
423 323
423 345
423 388
423 421
423 380
423 386
423 0
423 424
424 291
424 323
424 345
424 388
424 421
424 423
424 0
425 0
426 0
427 0
428 0
429 0
430 0
431 0
432 433
432 434
432 435
432 0
433 432
433 434
433 435
433 0
434 432
434 433
434 435
434 0
435 432
435 433
435 434
435 0
436 0
437 202
437 217
437 0
437 500
438 0
440 0
441 0
442 0
443 0
444 0
445 0
446 0
447 0
448 0
449 0
450 0
451 0
452 0
453 0
454 0
455 0
456 0
457 0
458 0
459 0
460 0
461 0
462 0
463 0
464 388
464 421
464 0
465 0
466 0
467 0
469 0
470 0
471 218
471 303
471 501
472 409
473 0
474 0
475 0
476 0
476 611
477 0
478 0
479 0
479 494
479 503
480 0
481 0
482 0
483 0
484 0
484 17
485 0
486 0
487 0
488 0
489 0
490 0
491 0
491 349
491 493
491 497
492 0
493 0
493 349
493 491
493 497
494 0
494 479
494 503
495 0
496 194
496 74
496 0
496 200
496 239
497 0
497 349
497 491
497 493
498 0
499 0
500 202
500 217
500 0
500 437
501 218
501 0
501 303
501 471
502 0
503 0
503 479
503 494
504 0
505 0
506 0
507 0
508 0
509 0
510 0
511 0
512 0
513 379
513 0
513 376
513 422
514 0
515 0
516 0
517 0
518 0
519 0
520 0
521 0
522 0
523 0
524 0
525 304
525 0
525 584
526 0
527 0
528 0
528 33
529 146
529 0
529 86
530 0
531 0
532 0
533 0
534 0
535 0
536 0
537 0
538 0
539 0
540 0
541 0
542 0
543 0
544 0
545 381
545 0
546 0
547 0
548 0
548 490
549 0
550 0
551 0
552 0
553 0
554 0
555 0
556 0
557 0
558 0
559 0
560 0
561 0
562 0
563 0
564 0
565 544
565 0
566 69
566 0
566 153
567 0
567 363
568 0
569 0
571 379
571 0
573 0
574 0
575 0
576 0
577 0
578 0
579 0
579 296
579 600
580 310
580 0
581 0
582 0
583 0
584 304
584 0
585 0
586 0
587 0
588 0
589 0
590 0
591 0
592 0
593 0
594 0
595 0
596 0
597 0
598 0
599 0
600 218
600 0
600 296
600 579
601 0
602 0
603 0
604 0
605 0
606 0
607 0
608 0
609 0
610 0
611 0
611 476
612 0
613 0
614 0
615 0
616 0
617 0
618 0
619 0
620 0
